This is a number sequence
73 878 1272 3658 5249 7544 7709 7923 8930 

This is a number sequence
-211 -165 81 239 667 669 849 857 908 1296 1382 1398 1528 1572 1636 1854 3252 4049 4136 4534 4767 4841 5053 5160 5440 5630 5832 6108 6323 6407 6413 7017 7101 7231 7249 7392 7393 7790 7809 7955 8543 8669 8683 8694 8718 8827 8953 9238 9597 

This is a number pair sequence
(7,49) (23,9) (27,29) (30,72) (40,12) (40,65) (44,78) (73,58) (87,3) (92,42) 

This is a number pair sequence
(24,6948) (94,51) (97,7314) (153,5764) (169,7552) (194,6356) (196,8627) (267,3177) (278,1481) (393,8851) (425,1554) (492,2055) (503,1598) (544,-45) (560,834) (635,7148) (658,8658) (668,1366) (709,4275) (722,4117) (745,5137) (807,5176) (814,8527) (821,1295) (840,2309) (933,-683) (977,7180) (979,8570) 

